 
1.000000
1.000000
1.000000
1.000000
1.000000
nan
1.000000
1.000000
1.000000
1.000000
1.000000
1.000000
1.000000
nan
1.000000
1.000000
1.000000
1.000000
1.000000
1.000000
1.000000
nan
1.000000
1.000000
1.000000
1.000000
1.000000
1.000000
1.000000
nan
1.000000
1.000000
1.000000
1.000000
1.000000
1.000000
1.000000
nan
1.000000
1.000000
1.000000
1.000000
1.000000
1.000000
1.000000
nan
1.000000
1.000000
1.000000
1.000000
1.000000
1.000000
1.000000
nan
1.000000
1.000000
1.000000
1.000000
1.000000
1.000000
1.000000
nan
1.000000
1.000000
1.000000
1.000000
1.000000
1.000000
1.000000
nan
1.000000
1.000000
